Time T (min),Temperature 𝜃 (°C),"Rise in temperature
           (°C)","Rise in temperature in 5 min
                ∆𝜃 (°C)"
0,27,0,4.627
0.5,27.3,0.3,4.627
1,30.2,2.9,4.627
1.5,35.1,4.9,4.627
2,42.2,7.1,4.627
2.5,48.4,6.2,4.627
3,55.9,7.5,4.627
3.5,62,6.1,4.627
4,68.6,6.6,4.627
4.5,72.6,4,4.627
5,77.9,5.3,4.627